4621704
4621706
4621708
4621712
4621714
4621716
4621718
4621720
4621722
4621724
4621726
4621728
4621730
4621732
4621734
4621736
4621738
4621740
4621742
4621744
4621746
4621748
4621750
4621752
4621754
4621756
4621758
4621760
4621762
4621764
4621766
4621768
4621770
4621772
4621776
4621778
4621780
4621782
4621784
4621786
4621788
4621790
4621792
4621794
4621796
4621798
4621800
4621802
4621804
4621808
4621810
4621812
4621814
4621816
4621818
4621820
4621822
4621824
4621826
4621828
4621830
4621832
4621836
4621838
4621840
4621842
4621844
4621846
4621848
4621850
4621852
4621854
4621856
4621858
4621860
4621862
4621864
4621870
4621872
4621874
4621876
4621878
4621880
4621882
4621884
4621886
4621888
4621890
4621892
4621894
4621896
4621898
4621900
4621902
4621904
4621906
4621908
4621910
4621912
4621914
4621916
4621918
4621920
4621922
4621926
4621928
4621930
4621932
4621934
4621936
4621938
4621940
4621942
4621944
4621946
4621948
4621950
4621952
4621954
4621956
4621958
4621960
4621962
4621964
4621966
4621968
4621970
4621972
4621974
4621976
4621978
4621980
4621982
4621984
4621986
4621988
