4622289
4622291
4622293
4622295
4622297
4622300
4622302
4622304
4622306
4622310
4622312
4622314
4622316
4622318
4622320
4622322
4622324
4622326
4622328
4622330
4622332
4622334
4622336
4622338
4622340
4622342
4622344
4622346
4622348
4622350
4622352
4622354
4622356
4622358
4622360
4622362
4622364
4622366
4622368
4622370
4622372
4622374
4622376
4622378
4622380
4622383
4622385
4622387
4622389
4622391
4622393
4622395
4622397
4622399
4622401
4622403
4622405
4622407
4622409
4622411
4622413
4622415
4622417
4622419
4622421
4622423
4622425
4622427
4622429
4622431
4622433
4622435
4622437
4622439
4622441
4622443
4622445
4622447
4622449
4622451
4622453
4622455
4622457
4622459
4622461
4622463
4622465
4622467
4622469
4622471
4622473
4622475
4622477
4622479
4622481
4622483
4622485
4622487
4622489
4622491
4622493
4622495
4622497
4622499
4622501
4622503
4622505
4622507
4622509
4622511
4622513
4622515
4622517
4622519
4622521
4622523
4622525
4622527
4622529
4622531
4622533
4622535
4622537
4622539
4622541
4622543
4622545
4622547
4622549
4622551
4622553
4622555
4622557
4622559
4622561
4622563
4622565
4622567
4622569
4622571
4622573
4622575
4622579
4622581
4622583
4622585
4622587
4622589
4622591
4622593
4622595
4622597
4622599
4622601
4622603
4622606
4622608
4622610
4622612
4622614
