4644996
4645000
4645002
4645006
4645010
4645014
4645016
4645018
4645020
4645022
4645024
4645026
4645028
4645030
4645036
4645038
4645040
4645044
4645046
4645048
4645052
4645054
4645056
4645060
4645062
4645064
4645068
4645070
4645072
4645074
4645078
4645080
4645082
4645084
4645088
4645092
4645094
4645096
4645100
4645102
4645104
4645108
4645110
4645112
4645114
4645118
4645120
4645122
4645124
4645126
4645130
4645132
4645134
4645136
4645140
4645144
4645146
4645150
4645152
4645154
4645156
4645160
4645162
4645164
4645168
4645170
4645172
4645174
4645178
4645180
4645182
4645184
4645186
4645190
4645192
4645194
4645196
4645198
4645204
4645206
4645210
4645212
4645214
4645218
4645220
4645224
4645226
4645228
4645230
4645234
4645238
4645240
4645244
4645247
4645249
4645253
4645255
4645257
4645261
4645263
4645267
4645269
4645271
4645275
4645277
4645279
4645283
4645285
4645289
4645291
4645293
4645297
4645301
4645303
4645307
4645309
4645311
4645315
4645317
4645319
4645321
4645323
4645325
4645327
4645329
4645331
4645335
4645337
4645341
4645343
4645347
4645349
4645353
4645355
4645359
4645361
4645363
4645365
4645369
4645371
4645373
4645375
4645377
4645381
4645383
4645385
4645389
4645391
4645395
4645397
4645401
4645403
4645407
4645409
4645411
4645415
4645417
4645421
4645423
4645425
