4622827
4622829
4622831
4622833
4622835
4622837
4622839
4622841
4622843
4622845
4622847
4622849
4622851
4622853
4622855
4622857
4622859
4622861
4622863
4622865
4622867
4622869
4622871
4622873
4622875
4622877
4622879
4622881
4622883
4622885
4622887
4622889
4622891
4622893
4622895
4622897
4622899
4622901
4622903
4622905
4622907
4622909
4622911
4622913
4622915
4622917
4622919
4622921
4622923
4622925
4622927
4622929
4622931
4622933
4622935
4622937
4622939
4622941
4622943
4622945
4622947
4622949
4622951
4622953
4622955
4622957
4622960
4622962
4622964
4622966
4622968
4622970
4622972
4622974
4622978
4622980
4622982
4622984
4622986
4622988
4622990
4622992
4622994
4622996
4622998
4623000
4623004
4623006
4623008
4623010
4623012
4623014
4623016
4623018
4623020
4623022
4623024
4623026
4623028
4623030
4623032
4623034
4623036
4623038
4623040
4623042
4623044
4623046
4623048
4623052
4623054
4623056
4623058
4623062
4623064
4623068
4623070
4623072
4623076
4623078
4623080
4623084
4623086
4623090
4623092
4623094
4623098
4623100
4623104
4623106
4623110
4623114
4623118
4623120
4623122
4623126
4623128
4623132
4623134
4623138
4623140
4623142
4623146
4623148
4623150
4623152
4623154
4623158
4623160
4623162
4623164
4623166
4623168
4623170
4623172
4623174
4623176
4623178
4623180
4623182
