4623186
4623188
4623190
4623192
4623194
4623196
4623198
4623200
4623202
4623204
4623206
4623208
4623210
4623212
4623214
4623216
4623218
4623220
4623222
4623224
4623226
4623228
4623230
4623232
4623234
4623236
4623238
4623240
4623242
4623244
4623246
4623248
4623250
4623252
4623254
4623256
4623258
4623260
4623262
4623264
4623266
4623268
4623270
4623272
4623274
4623276
4623278
4623280
4623282
4623284
4623286
4623288
4623290
4623292
4623294
4623296
4623298
4623300
4623302
4623304
4623306
4623308
4623310
4623312
4623314
4623318
4623320
4623322
4623324
4623326
4623328
4623330
4623332
4623334
4623336
4623338
4623342
4623344
4623346
4623348
4623350
4623352
4623354
4623356
4623358
4623360
4623362
4623364
4623366
4623368
4623370
4623372
4623374
4623376
4623378
4623380
4623382
4623384
4623386
4623388
4623390
4623392
4623394
4623396
4623398
4623400
4623402
4623404
4623406
4623408
4623410
4623412
4623414
4623416
4623418
4623420
4623422
4623424
4623426
4623428
4623430
4623432
4623434
4623436
4623438
4623440
4623442
4623444
4623446
4623448
4623450
