4621992
4621994
4621996
4621999
4622001
4622003
4622006
4622008
4622010
4622012
4622014
4622016
4622018
4622020
4622022
4622024
4622026
4622028
4622032
4622034
4622038
4622040
4622042
4622044
4622046
4622048
4622050
4622052
4622054
4622056
4622058
4622060
4622062
4622064
4622066
4622070
4622072
4622074
4622076
4622078
4622080
4622082
4622084
4622086
4622088
4622090
4622092
4622094
4622096
4622098
4622100
4622102
4622104
4622106
4622108
4622110
4622112
4622114
4622116
4622118
4622120
4622122
4622125
4622129
4622131
4622133
4622137
4622139
4622141
4622143
4622145
4622147
4622149
4622151
4622153
4622155
4622157
4622159
4622161
4622163
4622165
4622167
4622169
4622171
4622173
4622175
4622177
4622179
4622181
4622183
4622185
4622189
4622193
4622195
4622197
4622199
4622201
4622203
4622205
4622207
4622209
4622211
4622213
4622215
4622217
4622219
4622223
4622225
4622229
4622231
4622233
4622235
4622237
4622239
4622241
4622243
4622247
4622249
4622251
4622253
4622255
4622257
4622259
4622261
4622263
4622265
4622267
4622269
4622271
4622273
4622275
4622277
4622279
4622281
4622283
4622285
4622287
