4623452
4623454
4623456
4623458
4623460
4623462
4623464
4623466
4623468
4623472
4623474
4623476
4623478
4623480
4623482
4623484
4623486
4623488
4623490
4623492
4623496
4623498
4623500
4623502
4623504
4623506
4623508
4623510
4623512
4623514
4623516
4623520
4623522
4623524
4623526
4623528
4623530
4623532
4623534
4623536
4623538
4623540
4623542
4623544
4623546
4623548
4623550
4623552
4623556
4623558
4623560
4623562
4623564
4623566
4623568
4623570
4623572
4623574
4623576
4623578
4623582
4623584
4623586
4623588
4623590
4623592
4623594
4623598
4623600
4623602
4623604
4623606
4623609
4623611
4623615
4623617
4623619
4623621
4623623
4623625
4623627
4623629
4623631
4623633
4623635
4623637
4623639
4623641
4623643
4623645
4623647
4623649
4623651
4623653
4623655
4623657
4623659
4623661
4623665
4623667
