4622627
4622629
4622633
4622635
4622637
4622639
4622641
4622643
4622645
4622649
4622651
4622655
4622657
4622659
4622661
4622663
4622665
4622667
4622669
4622671
4622673
4622675
4622677
4622679
4622681
4622683
4622685
4622687
4622691
4622693
4622695
4622697
4622699
4622701
4622703
4622705
4622707
4622709
4622711
4622713
4622715
4622717
4622719
4622721
4622723
4622725
4622727
4622729
4622733
4622735
4622737
4622739
4622741
4622743
4622745
4622747
4622751
4622753
4622757
4622759
4622761
4622763
4622765
4622767
4622769
4622771
4622773
4622777
4622779
4622781
4622783
4622785
4622787
4622789
4622791
4622793
4622795
4622797
4622799
4622801
4622803
4622805
4622807
4622809
4622811
4622813
4622815
4622817
4622819
4622821
4622823
4622825
